Posiçăo, Série n.ş 3
Tempo ( s )	Posiçăo ( m )
3,0000E-6	0,001
0,0109	0,325
0,0210	0,333
0,0310	0,340
0,0410	0,346
0,0510	0,352
0,0610	0,358
0,0711	0,363
0,0811	0,367
0,0911	0,370
0,1011	0,373
0,1111	0,375
0,1211	0,377
0,1311	0,377
0,1411	0,379
0,1511	0,379
0,1611	0,378
0,1711	0,376
0,1811	0,373
0,1911	0,370
0,2011	0,367
0,2111	0,362
0,2210	0,357
0,2310	0,352
0,2410	0,344
0,2510	0,338
0,2610	0,331
0,2709	0,324
0,2809	0,317
0,2909	0,309
0,3009	0,301
0,3109	0,293
0,3208	0,286
0,3308	0,278
0,3408	0,270
0,3508	0,262
0,3607	0,255
0,3707	0,248
0,3807	0,241
0,3907	0,234
0,4007	0,228
0,4106	0,222
0,4206	0,217
0,4306	0,212
0,4406	0,208
0,4506	0,204
0,4606	0,201
0,4706	0,198
0,4806	0,196
0,4906	0,195
0,5006	0,195
0,5106	0,195
0,5206	0,196
0,5306	0,197
0,5406	0,200
0,5506	0,202
0,5606	0,206
0,5706	0,209
0,5806	0,213
0,5906	0,218
0,6006	0,223
0,6107	0,228
0,6207	0,234
0,6307	0,240
0,6407	0,246
0,6507	0,253
0,6608	0,260
0,6708	0,266
0,6808	0,273
0,6908	0,280
0,7008	0,287
0,7109	0,294
0,7209	0,300
0,7309	0,307
0,7409	0,313
0,7509	0,319
0,7609	0,325
0,7710	0,330
0,7810	0,335
0,7910	0,339
0,8010	0,343
0,8110	0,347
0,8210	0,350
0,8310	0,353
0,8410	0,355
0,8510	0,356
0,8610	0,357
0,8710	0,358
0,8810	0,357
0,8910	0,356
0,9010	0,355
0,9110	0,353
0,9210	0,350
0,9310	0,347
0,9410	0,344
0,9510	0,340
0,9610	0,335
0,9710	0,331
0,9809	0,326
0,9909	0,320
1,0009	0,315
1,0109	0,309
1,0209	0,304
1,0309	0,298
1,0408	0,292
1,0508	0,286
1,0608	0,280
1,0708	0,275
1,0808	0,269
1,0908	0,263
1,1007	0,258
1,1107	0,252
1,1207	0,248
1,1307	0,243
1,1407	0,238
1,1507	0,234
1,1607	0,230
1,1707	0,227
1,1807	0,224
1,1906	0,221
1,2006	0,219
1,2106	0,218
1,2206	0,217
1,2306	0,216
1,2406	0,216
1,2506	0,219
1,2606	0,220
1,2706	0,221
1,2806	0,223
1,2907	0,225
1,3007	0,228
1,3107	0,231
1,3207	0,232
1,3307	0,235
1,3407	0,239
1,3507	0,244
1,3607	0,248
1,3707	0,253
1,3807	0,258
1,3908	0,263
1,4008	0,268
1,4108	0,274
1,4208	0,279
1,4308	0,284
1,4408	0,290
1,4509	0,295
1,4609	0,300
1,4709	0,304
1,4809	0,309
1,4909	0,313
1,5009	0,317
1,5109	0,321
1,5209	0,325
1,5310	0,328
1,5410	0,331
1,5510	0,333
1,5610	0,335
1,5710	0,337
1,5810	0,338
1,5910	0,338
1,6010	0,339
1,6110	0,339
1,6210	0,338
1,6310	0,338
1,6410	0,336
1,6510	0,335
1,6610	0,333
1,6710	0,330
1,6810	0,327
1,6909	0,324
1,7009	0,321
1,7109	0,317
1,7209	0,313
1,7309	0,309
1,7409	0,305
1,7509	0,300
1,7609	0,295
1,7708	0,291
1,7808	0,286
1,7908	0,281
1,8008	0,276
1,8108	0,271
1,8208	0,267
1,8308	0,262
1,8408	0,258
1,8507	0,254
1,8607	0,250
1,8707	0,247
1,8807	0,243
1,8907	0,240
1,9007	0,238
1,9107	0,235
1,9207	0,234
1,9307	0,232
1,9407	0,231
1,9507	0,230
1,9607	0,229
1,9707	0,229
1,9807	0,230
1,9907	0,231
2,0007	0,232
2,0107	0,233
2,0207	0,235
2,0307	0,237
2,0407	0,240
2,0507	0,243
2,0607	0,245
2,0707	0,249
2,0807	0,252
2,0907	0,256
2,1008	0,260
2,1108	0,263
2,1208	0,267
2,1308	0,272
2,1408	0,276
2,1508	0,280
2,1608	0,284
2,1708	0,288
2,1809	0,293
2,1909	0,297
2,2009	0,301
2,2109	0,304
2,2209	0,308
2,2309	0,311
2,2409	0,314
2,2509	0,317
2,2609	0,320
2,2709	0,322
2,2809	0,324
2,2909	0,325
2,3009	0,327
2,3110	0,327
2,3210	0,328
2,3310	0,328
2,3410	0,327
2,3509	0,327
2,3609	0,326
2,3709	0,324
2,3809	0,323
2,3909	0,321
2,4009	0,319
2,4109	0,317
2,4209	0,314
2,4309	0,312
2,4409	0,309
2,4509	0,306
2,4609	0,303
2,4709	0,299
2,4809	0,296
2,4908	0,292
2,5008	0,289
2,5108	0,285
2,5208	0,282
2,5308	0,278
2,5408	0,274
2,5508	0,271
2,5608	0,267
2,5708	0,264
2,5808	0,261
2,5907	0,258
2,6007	0,255
2,6107	0,252
2,6207	0,250
2,6307	0,248
2,6407	0,246
2,6507	0,244
2,6607	0,243
2,6707	0,242
2,6807	0,241
2,6907	0,241
2,7007	0,241
2,7107	0,241
2,7207	0,242
2,7307	0,243
2,7407	0,244
2,7507	0,245
2,7607	0,247
2,7707	0,249
2,7807	0,251
2,7907	0,253
2,8007	0,256
2,8108	0,258
2,8208	0,261
2,8308	0,264
2,8408	0,267
2,8508	0,271
2,8608	0,274
2,8708	0,277
2,8808	0,281
2,8908	0,284
2,9008	0,289
2,9109	0,293
2,9209	0,296
2,9309	0,299
2,9409	0,302
2,9509	0,305
2,9609	0,305
2,9709	0,308
2,9809	0,310
2,9909	0,312
3,0009	0,314
3,0109	0,315
3,0209	0,316
3,0309	0,318
3,0409	0,318
3,0509	0,319
3,0609	0,319
3,0709	0,318
3,0809	0,318
3,0909	0,317
3,1009	0,316
3,1109	0,315
3,1209	0,313
3,1309	0,311
3,1409	0,309
3,1509	0,307
3,1609	0,305
3,1709	0,302
3,1809	0,299
3,1909	0,297
3,2009	0,294
3,2108	0,291
3,2208	0,288
3,2308	0,285
3,2408	0,282
3,2508	0,279
3,2608	0,276
3,2708	0,273
3,2808	0,270
3,2908	0,267
3,3008	0,264
3,3108	0,262
3,3208	0,260
3,3307	0,258
3,3407	0,256
3,3507	0,254
3,3607	0,252
3,3707	0,251
3,3807	0,250
3,3907	0,249
3,4007	0,248
3,4107	0,248
3,4207	0,248
3,4307	0,248
3,4407	0,248
3,4507	0,249
3,4607	0,250
3,4707	0,251
3,4807	0,252
3,4907	0,254
3,5007	0,255
3,5107	0,257
3,5208	0,260
3,5308	0,262
3,5408	0,264
3,5508	0,267
3,5608	0,270
3,5708	0,272
3,5808	0,275
3,5908	0,278
3,6008	0,281
3,6108	0,283
3,6208	0,286
3,6308	0,289
3,6408	0,291
3,6509	0,294
3,6609	0,296
3,6709	0,298
3,6809	0,300
3,6909	0,302
3,7009	0,304
3,7109	0,305
3,7209	0,307
3,7309	0,308
3,7409	0,309
3,7509	0,310
3,7609	0,311
3,7709	0,311
3,7809	0,312
3,7909	0,312
3,8009	0,312
3,8109	0,311
3,8209	0,311
3,8309	0,310
3,8409	0,309
3,8509	0,308
3,8609	0,306
3,8709	0,305
3,8809	0,303
3,8909	0,301
3,9009	0,299
3,9109	0,296
3,9209	0,294
3,9308	0,292
3,9408	0,289
3,9508	0,286
3,9608	0,284
3,9708	0,281
3,9808	0,278
3,9908	0,276
4,0008	0,273
4,0108	0,271
4,0208	0,268
4,0308	0,266
4,0408	0,264
4,0508	0,262
4,0608	0,260
4,0708	0,258
4,0807	0,257
4,0907	0,255
4,1007	0,254
4,1107	0,254
4,1207	0,253
4,1307	0,252
4,1407	0,252
4,1507	0,252
4,1607	0,252
4,1707	0,253
4,1807	0,254
4,1907	0,255
4,2007	0,256
4,2107	0,257
4,2208	0,258
4,2308	0,260
4,2408	0,261
4,2508	0,263
4,2608	0,265
4,2708	0,267
4,2808	0,270
4,2908	0,272
4,3008	0,274
4,3108	0,277
4,3208	0,279
4,3308	0,282
4,3408	0,284
4,3508	0,286
4,3608	0,289
4,3708	0,291
4,3809	0,293
4,3909	0,295
4,4009	0,297
4,4109	0,299
4,4209	0,301
4,4309	0,302
4,4409	0,304
4,4509	0,305
4,4609	0,306
4,4709	0,307
4,4809	0,308
4,4909	0,308
4,5009	0,308
4,5109	0,308
4,5209	0,308
4,5309	0,308
4,5409	0,307
4,5509	0,307
4,5609	0,305
4,5709	0,304
4,5809	0,303
4,5909	0,302
4,6009	0,300
4,6109	0,298
4,6209	0,296
4,6309	0,294
4,6408	0,292
4,6508	0,290
4,6608	0,288
4,6708	0,286
4,6808	0,284
4,6908	0,281
4,7008	0,279
4,7108	0,277
4,7208	0,275
4,7308	0,273
4,7408	0,271
4,7508	0,269
4,7608	0,267
4,7708	0,265
4,7808	0,264
4,7908	0,262
4,8008	0,261
4,8108	0,260
4,8208	0,259
4,8307	0,258
4,8407	0,257
4,8507	0,257
4,8607	0,257
4,8707	0,257
4,8807	0,257
4,8907	0,257
4,9007	0,258
4,9108	0,259
4,9208	0,259
4,9308	0,260
4,9408	0,262
4,9508	0,263
4,9608	0,265
4,9708	0,266
4,9808	0,268
4,9908	0,270
5,0008	0,272
5,0108	0,274
5,0208	0,276
5,0308	0,278
5,0408	0,280
5,0508	0,282
5,0608	0,284
5,0708	0,287
5,0808	0,289
5,0908	0,291
5,1008	0,292
5,1109	0,294
5,1209	0,296
5,1309	0,297
5,1409	0,299
5,1509	0,300
5,1609	0,301
5,1709	0,302
5,1809	0,303
5,1909	0,304
5,2009	0,305
5,2109	0,305
5,2209	0,305
5,2309	0,305
5,2409	0,305
5,2509	0,305
5,2609	0,304
5,2709	0,304
5,2809	0,303
5,2909	0,302
5,3009	0,300
5,3109	0,299
5,3209	0,298
5,3309	0,296
5,3409	0,295
5,3509	0,293
5,3608	0,291
5,3708	0,289
5,3808	0,287
5,3908	0,285
5,4008	0,283
5,4108	0,281
5,4208	0,279
5,4308	0,277
5,4408	0,275
5,4508	0,273
5,4608	0,272
5,4708	0,270
5,4808	0,268
5,4908	0,267
5,5008	0,265
5,5108	0,264
5,5208	0,263
5,5308	0,262
5,5408	0,261
5,5508	0,260
5,5608	0,260
5,5708	0,260
5,5808	0,260
5,5908	0,260
5,6008	0,260
5,6108	0,260
5,6208	0,261
5,6308	0,261
5,6408	0,262
5,6508	0,263
5,6608	0,264
5,6708	0,265
5,6808	0,266
5,6908	0,268
5,7008	0,270
5,7108	0,271
5,7208	0,273
5,7308	0,275
5,7408	0,276
5,7508	0,278
5,7608	0,280
5,7708	0,282
5,7808	0,284
5,7908	0,285
5,8008	0,287
5,8108	0,289
5,8208	0,291
5,8308	0,292
5,8409	0,294
5,8509	0,295
5,8609	0,297
5,8709	0,298
5,8809	0,299
5,8909	0,300
5,9009	0,301
5,9109	0,301
5,9209	0,302
5,9309	0,302
5,9409	0,302
5,9509	0,302
5,9609	0,302
5,9709	0,302
5,9809	0,302
5,9909	0,301
6,0009	0,300
6,0109	0,299
6,0209	0,298
6,0309	0,297
6,0409	0,296
6,0509	0,294
6,0609	0,293
6,0708	0,292
6,0808	0,290
6,0908	0,288
6,1008	0,287
6,1108	0,285
6,1208	0,283
6,1308	0,281
6,1408	0,280
6,1508	0,278
6,1608	0,276
6,1708	0,275
6,1808	0,273
6,1908	0,272
6,2008	0,270
6,2108	0,269
6,2208	0,268
6,2308	0,267
6,2408	0,266
6,2508	0,265
6,2608	0,264
6,2708	0,264
6,2808	0,263
6,2908	0,263
6,3008	0,263
6,3108	0,263
6,3208	0,263
6,3308	0,263
6,3408	0,264
6,3508	0,264
6,3608	0,265
6,3708	0,266
6,3808	0,267
6,3908	0,268
6,4008	0,269
6,4108	0,270
6,4208	0,272
6,4308	0,273
6,4408	0,274
6,4508	0,276
6,4608	0,277
6,4708	0,279
6,4808	0,281
6,4908	0,282
6,5008	0,284
6,5108	0,286
6,5208	0,287
6,5308	0,289
6,5408	0,290
6,5508	0,292
6,5609	0,293
6,5709	0,294
6,5809	0,295
6,5909	0,296
6,6009	0,297
6,6109	0,298
6,6209	0,298
6,6309	0,299
6,6409	0,299
6,6509	0,300
6,6609	0,300
6,6709	0,300
6,6809	0,299
6,6909	0,299
6,7009	0,298
6,7109	0,298
6,7209	0,297
6,7309	0,296
6,7409	0,295
6,7509	0,294
6,7609	0,293
6,7708	0,292
6,7808	0,290
6,7908	0,289
6,8008	0,288
6,8108	0,286
6,8208	0,284
6,8308	0,283
6,8408	0,281
6,8508	0,280
6,8608	0,278
6,8708	0,277
6,8808	0,276
6,8908	0,274
6,9008	0,273
6,9108	0,271
6,9208	0,270
6,9308	0,269
6,9408	0,268
6,9508	0,267
6,9608	0,266
6,9708	0,265
6,9808	0,265
6,9908	0,264
7,0008	0,264
7,0108	0,264
7,0208	0,264
7,0308	0,264
7,0408	0,264
7,0508	0,265
7,0608	0,265
7,0708	0,266
7,0808	0,266
7,0908	0,267
7,1008	0,268
7,1108	0,269
7,1208	0,270
7,1308	0,271
7,1408	0,273
7,1508	0,274
7,1608	0,275
7,1708	0,277
7,1808	0,278
7,1908	0,280
7,2008	0,281
7,2108	0,283
7,2208	0,284
7,2308	0,286
7,2408	0,287
7,2508	0,288
7,2608	0,290
7,2708	0,291
7,2808	0,292
7,2909	0,293
7,3009	0,294
7,3109	0,295
7,3209	0,296
7,3309	0,297
7,3409	0,297
7,3509	0,298
7,3609	0,298
7,3709	0,298
7,3809	0,298
7,3909	0,298
7,4009	0,298
7,4109	0,298
7,4209	0,298
7,4309	0,297
7,4409	0,296
7,4509	0,295
7,4609	0,295
7,4709	0,294
7,4809	0,293
7,4908	0,292
7,5008	0,290
7,5108	0,289
7,5208	0,288
7,5308	0,286
7,5408	0,285
7,5508	0,284
7,5608	0,282
7,5708	0,281
7,5808	0,280
7,5908	0,278
7,6008	0,277
7,6108	0,276
7,6208	0,274
7,6308	0,273
7,6408	0,272
7,6508	0,271
7,6608	0,270
7,6708	0,269
7,6808	0,268
7,6908	0,268
7,7008	0,267
7,7108	0,267
7,7208	0,266
7,7308	0,266
7,7408	0,266
7,7508	0,266
7,7608	0,266
7,7708	0,266
7,7808	0,267
7,7908	0,267
7,8008	0,268
7,8108	0,269
7,8208	0,270
7,8308	0,270
7,8408	0,271
7,8508	0,272
7,8608	0,274
7,8708	0,275
7,8808	0,276
7,8908	0,277
7,9008	0,278
7,9108	0,280
7,9208	0,281
7,9308	0,282
7,9408	0,284
7,9508	0,285
7,9608	0,286
7,9708	0,287
7,9808	0,288
7,9908	0,289
8,0008	0,290
8,0108	0,291
8,0208	0,292
8,0309	0,293
8,0409	0,293
8,0509	0,294
8,0609	0,294
8,0709	0,295
8,0809	0,295
8,0909	0,295
8,1009	0,295
8,1109	0,295
8,1209	0,295
8,1309	0,295
8,1409	0,294
8,1509	0,294
8,1609	0,293
8,1709	0,293
8,1808	0,292
8,1908	0,291
8,2008	0,290
8,2108	0,289
8,2208	0,288
8,2308	0,287
8,2408	0,286
8,2508	0,285
8,2608	0,284
8,2708	0,282
8,2808	0,281
8,2908	0,280
8,3008	0,279
8,3108	0,277
8,3208	0,276
8,3308	0,275
8,3408	0,274
8,3508	0,273
8,3608	0,272
8,3708	0,271
8,3808	0,271
8,3908	0,270
8,4008	0,269
8,4108	0,269
8,4208	0,268
8,4308	0,268
8,4408	0,268
8,4508	0,268
8,4608	0,268
8,4708	0,268
8,4808	0,268
8,4908	0,268
8,5008	0,269
8,5108	0,269
8,5208	0,270
8,5308	0,271
8,5408	0,271
8,5508	0,272
8,5608	0,273
8,5708	0,274
8,5808	0,275
8,5908	0,276
8,6008	0,277
8,6108	0,278
8,6208	0,280
8,6308	0,281
8,6408	0,282
8,6508	0,283
8,6608	0,284
8,6708	0,286
8,6808	0,287
8,6908	0,288
8,7008	0,289
8,7108	0,290
8,7208	0,291
8,7308	0,292
8,7409	0,293
8,7509	0,293
8,7609	0,294
8,7709	0,294
8,7809	0,295
8,7909	0,295
8,8009	0,295
8,8109	0,295
8,8209	0,295
8,8309	0,295
8,8409	0,295
8,8509	0,295
8,8609	0,294
8,8709	0,294
8,8809	0,293
8,8909	0,293
8,9008	0,292
8,9108	0,291
8,9208	0,290
8,9308	0,289
8,9408	0,288
8,9508	0,287
8,9608	0,286
8,9708	0,285
8,9808	0,284
8,9908	0,283
9,0008	0,282
9,0108	0,281
9,0208	0,280
9,0308	0,278
9,0408	0,277
9,0508	0,276
9,0608	0,275
9,0708	0,274
9,0808	0,273
9,0908	0,272
9,1008	0,272
9,1108	0,271
9,1208	0,270
9,1308	0,270
9,1408	0,270
9,1508	0,269
9,1608	0,269
9,1708	0,269
9,1808	0,269
9,1908	0,269
9,2008	0,269
9,2108	0,269
9,2208	0,270
9,2308	0,270
9,2408	0,271
9,2508	0,271
9,2608	0,272
9,2708	0,273
9,2808	0,273
9,2908	0,274
9,3008	0,275
9,3108	0,276
9,3208	0,277
9,3308	0,278
9,3408	0,279
9,3508	0,280
9,3608	0,281
9,3708	0,282
9,3808	0,283
9,3908	0,284
9,4008	0,285
9,4108	0,286
9,4208	0,287
9,4308	0,288
9,4408	0,289
9,4508	0,290
9,4608	0,291
9,4708	0,291
9,4808	0,292
9,4908	0,292
9,5009	0,293
9,5109	0,293
9,5209	0,293
9,5309	0,294
9,5409	0,294
9,5509	0,293
9,5609	0,293
9,5709	0,293
9,5809	0,293
9,5908	0,292
9,6008	0,292
9,6108	0,291
9,6208	0,290
9,6308	0,289
9,6408	0,289
9,6508	0,288
9,6608	0,287
9,6708	0,286
9,6808	0,285
9,6908	0,284
9,7008	0,283
9,7108	0,282
9,7208	0,281
9,7308	0,280
9,7408	0,279
9,7508	0,278
9,7608	0,277
9,7708	0,276
9,7808	0,275
9,7908	0,274
9,8008	0,273
9,8108	0,273
9,8208	0,272
9,8308	0,271
9,8408	0,271
9,8508	0,271
9,8608	0,270
9,8708	0,270
9,8808	0,270
9,8908	0,270
9,9008	0,270
9,9108	0,270
9,9208	0,270
9,9308	0,271
9,9408	0,271
9,9508	0,271
9,9608	0,272
9,9708	0,273
9,9808	0,273
9,9908	0,274
10,0008	0,275
10,0108	0,276
10,0208	0,277
10,0308	0,278
10,0408	0,279
10,0508	0,280
10,0608	0,281
10,0708	0,282
10,0808	0,283
10,0908	0,284
10,1008	0,285
10,1108	0,286
10,1208	0,287
10,1308	0,287
10,1408	0,288
10,1508	0,289
10,1608	0,290
10,1708	0,291
10,1808	0,291
10,1908	0,292
10,2008	0,292
10,2109	0,293
10,2209	0,293
10,2309	0,293
10,2409	0,293
10,2509	0,293
10,2609	0,293
10,2709	0,293
10,2809	0,293
10,2909	0,293
10,3008	0,292
10,3108	0,292
10,3208	0,291
10,3308	0,291
10,3408	0,290
10,3508	0,289
10,3608	0,288
10,3708	0,288
10,3808	0,287
10,3908	0,286
10,4008	0,285
10,4108	0,284
10,4208	0,283
10,4308	0,282
10,4408	0,281
10,4508	0,280
10,4608	0,279
10,4708	0,278
10,4808	0,277
10,4908	0,276
10,5008	0,275
10,5108	0,275
10,5208	0,274
10,5308	0,273
10,5408	0,273
10,5508	0,272
10,5608	0,272
10,5708	0,271
10,5808	0,271
10,5908	0,271
10,6008	0,271
10,6108	0,271
10,6208	0,271
10,6308	0,271
10,6408	0,271
10,6508	0,271
10,6608	0,271
10,6708	0,272
10,6808	0,272
10,6908	0,273
10,7008	0,273
10,7108	0,274
10,7208	0,275
10,7308	0,276
10,7408	0,277
10,7508	0,277
10,7608	0,278
10,7708	0,279
10,7808	0,280
10,7908	0,281
10,8008	0,282
10,8108	0,283
10,8208	0,284
10,8308	0,285
10,8408	0,286
10,8508	0,287
10,8608	0,288
10,8708	0,288
10,8808	0,289
10,8908	0,290
10,9008	0,290
10,9108	0,291
10,9208	0,291
10,9308	0,292
10,9408	0,292
10,9508	0,292
10,9608	0,292
10,9708	0,292
10,9808	0,292
10,9908	0,292
11,0008	0,292
11,0108	0,291
11,0208	0,291
11,0308	0,290
11,0408	0,290
11,0508	0,289
11,0608	0,289
11,0708	0,288
11,0808	0,287
11,0908	0,286
11,1008	0,286
11,1108	0,285
11,1208	0,284
11,1308	0,283
11,1408	0,282
11,1508	0,281
11,1608	0,280
11,1708	0,280
11,1808	0,279
11,1908	0,278
11,2008	0,277
11,2108	0,276
11,2208	0,276
11,2308	0,275
11,2408	0,274
11,2508	0,274
11,2608	0,273
11,2708	0,273
11,2808	0,272
11,2908	0,272
11,3008	0,272
11,3108	0,272
11,3208	0,272
11,3308	0,272
11,3408	0,272
11,3508	0,272
11,3608	0,272
11,3708	0,272
11,3808	0,273
11,3908	0,273
11,4008	0,274
11,4108	0,275
11,4208	0,275
11,4308	0,276
11,4408	0,276
11,4508	0,277
11,4608	0,278
11,4708	0,279
11,4808	0,280
11,4908	0,281
11,5008	0,282
11,5108	0,282
11,5208	0,283
11,5308	0,284
11,5408	0,285
11,5508	0,286
11,5608	0,287
11,5708	0,287
11,5808	0,288
11,5908	0,289
11,6008	0,289
11,6108	0,290
11,6208	0,290
11,6308	0,291
11,6408	0,291
11,6508	0,291
11,6608	0,292
11,6708	0,292
11,6808	0,292
11,6908	0,292
11,7008	0,291
11,7108	0,291
11,7208	0,291
11,7308	0,291
11,7408	0,290
11,7508	0,290
11,7608	0,289
11,7708	0,289
11,7808	0,288
11,7908	0,287
11,8008	0,287
11,8108	0,286
11,8208	0,285
11,8308	0,284
11,8408	0,283
11,8508	0,283
11,8608	0,282
11,8708	0,281
11,8808	0,280
11,8908	0,279
11,9008	0,278
11,9108	0,277
11,9208	0,277
11,9308	0,276
11,9408	0,275
11,9508	0,274
11,9608	0,274
11,9708	0,273
11,9808	0,273
11,9908	0,272
12,0008	0,272
12,0108	0,272
12,0208	0,272
12,0308	0,271
12,0408	0,271
12,0508	0,271
12,0608	0,272
12,0708	0,272
12,0808	0,272
12,0908	0,272
12,1008	0,273
12,1108	0,273
12,1208	0,274
12,1308	0,274
12,1408	0,275
12,1508	0,276
12,1608	0,276
12,1708	0,277
12,1808	0,278
12,1908	0,279
12,2008	0,280
12,2108	0,280
12,2208	0,281
12,2308	0,282
12,2408	0,283
12,2508	0,283
12,2608	0,284
12,2708	0,285
12,2808	0,286
12,2908	0,287
12,3008	0,287
12,3108	0,288
12,3208	0,288
12,3308	0,289
12,3408	0,289
12,3508	0,290
12,3608	0,290
12,3708	0,290
12,3808	0,291
12,3908	0,291
12,4008	0,291
12,4108	0,291
12,4208	0,291
12,4308	0,291
12,4408	0,290
12,4508	0,290
12,4608	0,289
12,4708	0,289
12,4808	0,289
12,4908	0,288
12,5008	0,287
12,5108	0,287
12,5208	0,286
12,5308	0,286
12,5408	0,285
12,5508	0,284
12,5608	0,283
12,5708	0,282
12,5808	0,282
12,5908	0,281
12,6008	0,280
12,6108	0,279
12,6208	0,279
12,6308	0,278
12,6408	0,277
12,6508	0,277
12,6608	0,276
12,6708	0,276
12,6808	0,275
12,6908	0,275
12,7008	0,274
12,7108	0,274
12,7208	0,274
12,7308	0,273
12,7408	0,273
12,7508	0,273
12,7608	0,273
12,7708	0,273
12,7808	0,273
12,7908	0,274
12,8008	0,274
12,8108	0,274
12,8208	0,275
12,8308	0,275
12,8408	0,276
12,8508	0,276
12,8608	0,277
12,8708	0,277
12,8808	0,278
12,8908	0,279
12,9008	0,279
12,9108	0,280
12,9208	0,281
12,9308	0,281
12,9408	0,282
12,9508	0,283
12,9608	0,284
12,9708	0,284
12,9808	0,285
12,9908	0,286
13,0008	0,286
13,0108	0,287
13,0208	0,287
13,0308	0,288
13,0408	0,288
13,0508	0,289
13,0608	0,289
13,0708	0,289
13,0808	0,290
13,0908	0,290
13,1008	0,290
13,1108	0,290
13,1208	0,290
13,1308	0,290
13,1408	0,290
13,1508	0,289
13,1608	0,289
13,1708	0,289
13,1808	0,288
13,1908	0,288
13,2008	0,287
13,2108	0,287
13,2208	0,286
13,2308	0,286
13,2408	0,285
13,2508	0,284
13,2608	0,283
13,2708	0,282
13,2808	0,282
13,2908	0,281
13,3008	0,280
13,3108	0,280
13,3208	0,279
13,3308	0,278
13,3408	0,277
13,3508	0,277
13,3608	0,276
13,3708	0,276
13,3808	0,275
13,3908	0,275
13,4008	0,274
13,4108	0,274
13,4208	0,274
13,4308	0,273
13,4408	0,273
13,4508	0,273
13,4608	0,273
13,4708	0,273
13,4808	0,273
13,4908	0,273
13,5008	0,273
13,5108	0,274
13,5208	0,274
13,5308	0,274
13,5408	0,275
13,5508	0,275
13,5608	0,276
13,5708	0,276
13,5808	0,277
13,5908	0,277
13,6008	0,278
13,6108	0,279
13,6208	0,279
13,6308	0,280
13,6408	0,281
13,6508	0,282
13,6608	0,282
13,6708	0,283
13,6808	0,284
13,6908	0,284
13,7008	0,285
13,7108	0,286
13,7208	0,286
13,7308	0,286
13,7408	0,287
13,7508	0,287
13,7608	0,287
13,7708	0,288
13,7808	0,288
13,7908	0,288
13,8008	0,288
13,8108	0,288
13,8208	0,288
13,8308	0,288
13,8408	0,288
13,8508	0,288
13,8608	0,287
13,8708	0,287
13,8808	0,287
13,8908	0,287
13,9008	0,286
13,9108	0,286
13,9208	0,285
13,9308	0,285
13,9408	0,284
13,9508	0,284
13,9608	0,283
13,9708	0,283
13,9808	0,282
13,9908	0,282
14,0008	0,281
14,0108	0,281
14,0208	0,280
14,0308	0,280
14,0408	0,279
14,0508	0,278
14,0608	0,278
14,0708	0,277
14,0808	0,277
14,0908	0,276
14,1008	0,276
14,1108	0,276
14,1208	0,276
14,1308	0,276
14,1408	0,276
14,1508	0,276
14,1608	0,275
14,1708	0,275
14,1808	0,275
14,1908	0,276
14,2008	0,276
14,2108	0,276
14,2208	0,276
14,2308	0,277
14,2408	0,277
14,2508	0,277
14,2608	0,278
